52.329082 9.749335
52.327099 9.749984
52.321595 9.757297
52.323035 9.759020
52.320805 9.760540
52.321407 9.764830
52.322642 9.765206
52.322432 9.766135
52.322291 9.766607
52.322085 9.766845
52.321770 9.766850
52.321392 9.766695
52.320553 9.766283
52.320148 9.766216
52.319716 9.766267
52.319505 9.765507
52.319203 9.764690
52.318975 9.764195
52.318685 9.763877
52.318307 9.763809
52.318082 9.763842
52.317859 9.764154
52.317790 9.764522
52.317767 9.765213
52.317634 9.765567
52.317348 9.765894
52.317052 9.765899
52.316745 9.765743
52.316554 9.765482
52.316435 9.764999
52.316428 9.763914
52.316344 9.763445
52.316100 9.763156
52.315838 9.763057
52.315496 9.763063
52.314742 9.763222
52.314167 9.763305
52.313547 9.763491
52.313350 9.763641
52.313163 9.763835
52.313021 9.764277
52.312952 9.764660
52.312766 9.765089
52.312460 9.765064
52.312243 9.764862
52.312122 9.764292
52.311950 9.764016
52.311662 9.764021
52.311456 9.764215
52.311333 9.764760
52.311291 9.765230
52.311245 9.766537
52.311168 9.767314
52.311106 9.768814
52.311129 9.769532
52.311266 9.769956
52.311619 9.770331
52.311873 9.770562
52.312090 9.770852
52.312254 9.771128
52.312391 9.771508
52.312286 9.772008
52.312172 9.772406
52.311957 9.772601
52.311509 9.772960
52.310970 9.772998
52.310601 9.772916
52.310422 9.772625
52.310353 9.772243
52.310243 9.770631
52.310156 9.770194
52.310037 9.769977
52.309886 9.769898
52.309668 9.769929
52.309468 9.770205
52.309236 9.770647
52.309089 9.771251
52.308994 9.772183
52.309018 9.773332
52.309074 9.774344
52.309079 9.775055
52.309014 9.775521
52.308848 9.775825
52.308548 9.776021
52.306974 9.776594
52.306757 9.776652
52.306539 9.776628
52.306353 9.776522
52.306117 9.776170
52.305760 9.775519
52.305641 9.775165
52.305551 9.774100
52.305465 9.773909
52.305247 9.773831
52.304912 9.773891
52.304561 9.774088
52.304277 9.774312
52.303794 9.774921
52.303612 9.775225
52.303563 9.775554
52.303599 9.775909
52.303702 9.776318
52.303738 9.776755
52.303740 9.777111
52.303659 9.777468
52.303492 9.777580
52.303357 9.777500
52.303154 9.777285
52.302935 9.777124
52.302515 9.776966
52.302230 9.776916
52.302044 9.776700
52.301992 9.776428
52.302041 9.776153
52.302441 9.775846
52.302591 9.775625
52.302657 9.775405
52.302588 9.775077
52.302247 9.774290
52.302078 9.773991
52.301859 9.773776
52.301472 9.773563
52.300950 9.773325
52.300681 9.773248
52.300481 9.773333
52.300381 9.773554
52.300417 9.773909
52.300740 9.774587
52.300943 9.774967
52.301047 9.775485
52.301118 9.776086
52.301086 9.776442
52.300905 9.776910
52.299446 9.779752
52.299179 9.779947
52.298910 9.779869
52.298439 9.779603
52.297669 9.779242
52.297336 9.779130
52.297060 9.779394
52.296992 9.779939
52.297089 9.780364
52.297329 9.780555
52.297757 9.780509
52.298045 9.780893
52.298048 9.781397
52.297641 9.782015
52.297145 9.781683
52.296432 9.781772
52.295127 9.782492
52.294583 9.783044
52.294538 9.783471
52.290972 9.778308
52.286585 9.778642
52.285813 9.773037
52.283734 9.771296
52.283210 9.759118
52.285060 9.758677
52.285066 9.758134
52.286321 9.757497
52.285685 9.752198
52.286088 9.750461
52.287016 9.749272
52.286426 9.746994
52.287417 9.747227
52.289699 9.745312
52.288895 9.741981
52.287978 9.742040
52.287160 9.740763
52.281957 9.740015
52.280249 9.730263
52.271611 9.731545
52.264766 9.706714
52.265305 9.706100
52.264284 9.702572
52.263601 9.698240
52.262397 9.698616
52.262215 9.696515
52.262179 9.692895
52.261443 9.689015
52.262751 9.687740
52.265321 9.684762
52.265084 9.682009
52.264548 9.682018
52.264104 9.678337
52.264704 9.677862
52.264405 9.674984
52.263512 9.674454
52.263299 9.673543
52.264646 9.671824
52.265161 9.673868
52.266812 9.671405
52.267819 9.670017
52.268294 9.670828
52.267953 9.672225
52.268185 9.675758
52.270700 9.675282
52.271052 9.677660
52.272822 9.685650
52.273129 9.686732
52.278123 9.685722
52.279284 9.684938
52.279197 9.684103
52.279473 9.680080
52.287509 9.680700
52.287987 9.686924
52.287618 9.689446
52.287626 9.691734
52.288573 9.693389
52.290345 9.691576
52.290812 9.688150
52.292874 9.689749
52.291907 9.691839
52.294127 9.693295
52.294539 9.695722
52.291748 9.698059
52.292699 9.700260
52.295114 9.697890
52.295509 9.700392
52.304439 9.702125
52.304677 9.701066
52.305747 9.701120
52.312484 9.697973
52.315810 9.696465
52.315337 9.695085
52.315168 9.693039
52.314409 9.691369
52.314370 9.690203
52.314543 9.690493
52.316463 9.692396
52.317665 9.693387
52.317974 9.693822
52.318228 9.694125
52.318419 9.694459
52.318602 9.694852
52.318785 9.695392
52.319247 9.697204
52.319991 9.700816
52.320149 9.701665
52.320325 9.702366
52.320499 9.702803
52.320699 9.703225
52.320935 9.703573
52.321388 9.704050
52.321615 9.704339
52.321779 9.704659
52.321881 9.705054
52.321919 9.705405
52.321925 9.706345
52.321965 9.706858
52.322013 9.707356
52.322115 9.707824
52.322564 9.709078
52.322950 9.710437
52.323496 9.712717
52.323691 9.713624
52.323772 9.714263
52.324007 9.715145
52.324210 9.716007
52.324366 9.716430
52.324556 9.716691
52.324746 9.716849
52.324990 9.716918
52.325232 9.716841
52.325510 9.716674
52.325779 9.716538
52.326102 9.716473
52.326435 9.716497
52.326931 9.716679
52.327932 9.717175
52.328501 9.717518
52.329297 9.718223
52.330329 9.723417
52.330018 9.728062
52.328552 9.732271
52.329208 9.733713
52.330228 9.737116
52.331325 9.736951
52.332867 9.737615
52.333168 9.739665
52.335267 9.738763
52.335720 9.742118
52.334395 9.743241
52.334361 9.743447
52.334019 9.744936
52.329917 9.749027
52.329082 9.749335
