52.298135 9.782007
52.297139 9.787333
52.297545 9.788351
52.295999 9.792567
52.293006 9.798343
52.293609 9.799515
52.293423 9.800255
52.293093 9.800648
52.292640 9.800578
52.292282 9.800428
52.291904 9.800822
52.291765 9.801523
52.291699 9.802494
52.291517 9.803972
52.291330 9.804557
52.290860 9.805456
52.290288 9.805388
52.289645 9.805320
52.289075 9.805445
52.288316 9.805884
52.287983 9.805928
52.287719 9.805544
52.287546 9.804460
52.287280 9.803765
52.286921 9.803383
52.286497 9.803253
52.285898 9.803399
52.285329 9.803757
52.285592 9.805061
52.285385 9.806298
52.284962 9.807236
52.284506 9.807359
52.283864 9.806815
52.282071 9.806255
52.282072 9.806416
52.281977 9.807077
52.281800 9.807608
52.281551 9.808110
52.281202 9.808438
52.281085 9.808499
52.280825 9.808649
52.280493 9.808655
52.280195 9.808454
52.280012 9.808046
52.279829 9.807345
52.279634 9.806351
52.279257 9.809612
52.277046 9.809837
52.277701 9.814401
52.276980 9.815571
52.268587 9.812326
52.262662 9.823777
52.263672 9.827339
52.262138 9.828182
52.260266 9.821438
52.255126 9.806537
52.251340 9.791398
52.250264 9.790462
52.247785 9.790956
52.242700 9.790523
52.242044 9.784570
52.241680 9.780825
52.239438 9.775923
52.237567 9.777403
52.235116 9.776564
52.233952 9.772993
52.233433 9.768988
52.231364 9.768963
52.233282 9.785793
52.226518 9.787189
52.226343 9.789564
52.233304 9.787902
52.233520 9.789554
52.234001 9.793311
52.234758 9.799672
52.229871 9.800729
52.229484 9.806843
52.229022 9.812519
52.228442 9.818020
52.227549 9.817507
52.226930 9.816198
52.222842 9.817007
52.221040 9.816507
52.219725 9.816160
52.218403 9.814687
52.214450 9.813956
52.213923 9.816102
52.213624 9.818844
52.211917 9.816059
52.212335 9.813695
52.212321 9.811294
52.209957 9.809954
52.209894 9.809926
52.209464 9.810196
52.209006 9.810320
52.208206 9.810464
52.207718 9.808465
52.206532 9.807181
52.206583 9.803490
52.206080 9.803718
52.205542 9.803916
52.204660 9.803930
52.204003 9.803808
52.203570 9.803625
52.203003 9.803487
52.202578 9.803128
52.201911 9.802904
52.200378 9.805299
52.197482 9.802328
52.197295 9.802609
52.197108 9.802875
52.196805 9.803407
52.196455 9.803588
52.196204 9.803592
52.195862 9.803553
52.195626 9.803235
52.195309 9.802815
52.193856 9.808238
52.192883 9.807917
52.193875 9.802267
52.193300 9.802319
52.192788 9.802430
52.192088 9.802689
52.191603 9.802858
52.191136 9.802924
52.191055 9.802925
52.190497 9.802904
52.189939 9.802840
52.187842 9.802609
52.188139 9.796531
52.191543 9.795702
52.190853 9.791527
52.193071 9.792429
52.193464 9.788866
52.192383 9.788737
52.192042 9.788742
52.191683 9.788544
52.191307 9.788257
52.190957 9.787788
52.190690 9.787139
52.190631 9.786531
52.190683 9.785943
52.190874 9.785467
52.191163 9.785056
52.191493 9.784622
52.191629 9.784146
52.191625 9.783470
52.191468 9.782728
52.191187 9.782123
52.190782 9.781701
52.190477 9.781616
52.189964 9.781669
52.189401 9.781862
52.188854 9.782178
52.188281 9.782582
52.187868 9.782662
52.187579 9.782534
52.187335 9.782319
52.186735 9.781216
52.186350 9.780564
52.185942 9.779989
52.184796 9.779349
52.184367 9.779240
52.183891 9.779325
52.183607 9.779601
52.183349 9.780186
52.183185 9.780653
52.182949 9.781005
52.182618 9.781281
52.182237 9.781249
52.181927 9.781099
52.181686 9.780754
52.181398 9.780217
52.181156 9.779562
52.180915 9.779024
52.180460 9.778606
52.180126 9.778533
52.179722 9.778540
52.179294 9.778702
52.178834 9.779206
52.178444 9.777193
52.177485 9.777705
52.176897 9.778710
52.176932 9.779953
52.177273 9.781293
52.176322 9.783123
52.175898 9.783866
52.175424 9.784221
52.175044 9.784305
52.174471 9.784004
52.173990 9.783199
52.173772 9.782544
52.173601 9.781773
52.173571 9.780806
52.173613 9.779837
52.173606 9.778676
52.173526 9.777245
52.173304 9.775894
52.173011 9.774699
52.172527 9.773429
52.172045 9.772353
52.170474 9.769609
52.169919 9.768610
52.169743 9.767721
52.169640 9.767167
52.169362 9.765811
52.169386 9.763821
52.170973 9.763020
52.171538 9.762762
52.174012 9.764170
52.174387 9.760916
52.175799 9.759371
52.176858 9.759017
52.178162 9.756011
52.177377 9.754283
52.177367 9.751196
52.177847 9.748832
52.180570 9.749899
52.181176 9.746085
52.181173 9.744168
52.184114 9.744265
52.186948 9.744247
52.186877 9.738848
52.189692 9.738742
52.189931 9.736704
52.193034 9.736710
52.193126 9.739899
52.194756 9.740208
52.195044 9.737364
52.198176 9.738338
52.198538 9.732328
52.199713 9.727668
52.200653 9.728341
52.203100 9.733537
52.203612 9.736202
52.205698 9.740646
52.206251 9.743594
52.205377 9.744870
52.204365 9.745321
52.202605 9.745829
52.202702 9.752094
52.208580 9.754353
52.210363 9.750341
52.215061 9.750717
52.214308 9.744097
52.215603 9.743987
52.215795 9.738829
52.217403 9.734189
52.219074 9.734258
52.220238 9.732704
52.220924 9.728844
52.220130 9.728776
52.220186 9.727107
52.221261 9.727250
52.221350 9.725606
52.220929 9.721953
52.222367 9.721793
52.222703 9.720146
52.223648 9.720345
52.223883 9.716350
52.224603 9.717268
52.225255 9.716100
52.225946 9.715113
52.226721 9.716162
52.227159 9.715774
52.227315 9.710542
52.230489 9.709768
52.228597 9.705727
52.229148 9.702733
52.232800 9.700769
52.233991 9.700112
52.239095 9.696696
52.242346 9.690616
52.245303 9.688965
52.245823 9.691389
52.246139 9.694507
52.246141 9.697266
52.246068 9.698933
52.248374 9.698514
52.249031 9.700540
52.249253 9.701247
52.249445 9.702005
52.249546 9.703069
52.249678 9.704132
52.249777 9.705044
52.249908 9.706006
52.250134 9.707220
52.250391 9.708332
52.250741 9.709442
52.251035 9.710084
52.254099 9.709036
52.253504 9.705098
52.256888 9.702897
52.256568 9.699567
52.261876 9.698543
52.261187 9.693255
52.262179 9.692895
52.262215 9.696515
52.262397 9.698616
52.263601 9.698240
52.264284 9.702572
52.265305 9.706100
52.264766 9.706714
52.271611 9.731545
52.280249 9.730263
52.281957 9.740015
52.287160 9.740763
52.287978 9.742040
52.288895 9.741981
52.289699 9.745312
52.287417 9.747227
52.286426 9.746994
52.287016 9.749272
52.286088 9.750461
52.285685 9.752198
52.286321 9.757497
52.285066 9.758134
52.285060 9.758677
52.283210 9.759118
52.283734 9.771296
52.285813 9.773037
52.286585 9.778642
52.290972 9.778308
52.294538 9.783471
52.294583 9.783044
52.295127 9.782492
52.296432 9.781772
52.297145 9.781683
52.297641 9.782015
52.298048 9.781397
52.298135 9.782007
